 0.9505505 ;  0.9545653 ;  0.9567957 ;  0.9558748 ;  0.9550610 ;  0.9539436 ;  0.9546960 ;  0.9580622 ; 
 0.9544607 ;  0.9503040 ;  0.9533896 ;  0.9483714 ;  0.9507691 ;  0.9506642 ;  0.9549535 ;  0.9535833 ; 
 0.9521517 ;  0.9538631 ;  0.9497933 ;  0.9507843 ;  0.9500972 ;  0.9488025 ;  0.9602951 ;  0.9506884 ; 
 0.9479050 ;  0.9553377 ;  0.9528734 ;  0.9446444 ;  0.9488308 ;  0.9548893 ;  0.9521954 ;  0.9548094 ; 
 0.9509966 ;  0.9526113 ;  0.9483149 ;  0.9511035 ;  0.9515919 ;  0.9508360 ;  0.9545060 ;  0.9507862 ; 
 0.9507215 ;  0.9536150 ;  0.9503702 ;  0.9539896 ;  0.9558415 ;  0.9518095 ;  0.9520273 ;  0.9553994 ; 
 0.9520234 ;  0.9521692 ;  0.9565968 ;  0.9583546 ;  0.9535913 ;  0.9546021 ;  0.9528496 ;  0.9465621 ; 
 0.9521501 ;  0.9546584 ;  0.9538654 ;  0.9522643 ;  0.9505940 ;  0.9566133 ;  0.9478703 ;  0.9526651 ; 
 0.9478853 ;  0.9531929 ;  0.9529640 ;  0.9497917 ;  0.9490862 ;  0.9543462 ;  0.9543844 ;  0.9497261 ; 
 0.9516228 ;  0.9558785 ;  0.9598712 ;  0.9512799 ;  0.9514001 ;  0.9542490 ;  0.9508755 ;  0.9516592 ; 
 0.9527107 ;  0.9533019 ;  0.9486711 ;  0.9575287 ;  0.9575633 ;  0.9578885 ;  0.9531380 ;  0.9497845 ; 
 0.9552432 ;  0.9500648 ;  0.9527506 ;  0.9534381 ;  0.9549001 ;  0.9479819 ;  0.9488314 ;  0.9546456 ; 
 0.9501463 ;  0.9534142 ;  0.9561131 ;  0.9494436 ;  0.9513995 ;  0.9527253 ;  0.9510370 ;  0.9487591 ; 
 0.9533213 ;  0.9450546 ;  0.9519622 ;  0.9512804 ;  0.9560129 ;  0.9484303 ;  0.9578895 ;  0.9532119 ; 
 0.9489938 ;  0.9552782 ;  0.9502827 ;  0.9523867 ;  0.9535087 ;  0.9541611 ;  0.9483749 ;  0.9515702 ; 
 0.9541205 ;  0.9526993 ;  0.9555897 ;  0.9601382 ;  0.9596552 ;  0.9490813 ;  0.9544802 ;  0.9545489 ; 
