 0.4451680 ;  0.4902148 ;  0.5152400 ;  0.5049070 ;  0.4957759 ;  0.4832383 ;  0.4916810 ;  0.5294498 ; 
 0.4890404 ;  0.4424023 ;  0.4770229 ;  0.4207179 ;  0.4476199 ;  0.4464436 ;  0.4945702 ;  0.4791964 ; 
 0.4631331 ;  0.4823353 ;  0.4366712 ;  0.4477909 ;  0.4400817 ;  0.4255546 ;  0.5545036 ;  0.4467144 ; 
 0.4154850 ;  0.4988805 ;  0.4712308 ;  0.3788999 ;  0.4258719 ;  0.4938494 ;  0.4636234 ;  0.4929528 ; 
 0.4501724 ;  0.4682901 ;  0.4200838 ;  0.4513719 ;  0.4568523 ;  0.4483705 ;  0.4895488 ;  0.4478116 ; 
 0.4470862 ;  0.4795513 ;  0.4431440 ;  0.4837543 ;  0.5045336 ;  0.4592935 ;  0.4617372 ;  0.4995729 ; 
 0.4616940 ;  0.4633301 ;  0.5130079 ;  0.5327306 ;  0.4792859 ;  0.4906268 ;  0.4709637 ;  0.4004168 ; 
 0.4631151 ;  0.4912592 ;  0.4823611 ;  0.4643969 ;  0.4456554 ;  0.5131929 ;  0.4150955 ;  0.4688935 ; 
 0.4152630 ;  0.4748152 ;  0.4722472 ;  0.4366538 ;  0.4287375 ;  0.4877563 ;  0.4881845 ;  0.4359174 ; 
 0.4571986 ;  0.5049482 ;  0.5497470 ;  0.4533516 ;  0.4547002 ;  0.4866655 ;  0.4488140 ;  0.4576071 ; 
 0.4694055 ;  0.4760388 ;  0.4240803 ;  0.5234647 ;  0.5238519 ;  0.5275017 ;  0.4741995 ;  0.4365724 ; 
 0.4978208 ;  0.4397174 ;  0.4698528 ;  0.4775673 ;  0.4939702 ;  0.4163472 ;  0.4258789 ;  0.4911150 ; 
 0.4406319 ;  0.4772988 ;  0.5075811 ;  0.4327481 ;  0.4546936 ;  0.4695686 ;  0.4506261 ;  0.4250676 ; 
 0.4762558 ;  0.3835022 ;  0.4610073 ;  0.4533571 ;  0.5064567 ;  0.4213787 ;  0.5275119 ;  0.4750290 ; 
 0.4277013 ;  0.4982126 ;  0.4421631 ;  0.4657697 ;  0.4783594 ;  0.4856793 ;  0.4207572 ;  0.4566087 ; 
 0.4852240 ;  0.4692778 ;  0.5017081 ;  0.5527435 ;  0.5473242 ;  0.4286832 ;  0.4892593 ;  0.4900300 ; 
