 0.9803138 ;  0.9819121 ;  0.9828001 ;  0.9824334 ;  0.9821095 ;  0.9816646 ;  0.9819642 ;  0.9833042 ; 
 0.9818705 ;  0.9802157 ;  0.9814441 ;  0.9794463 ;  0.9804008 ;  0.9803591 ;  0.9820667 ;  0.9815212 ; 
 0.9809512 ;  0.9816326 ;  0.9800123 ;  0.9804069 ;  0.9801333 ;  0.9796179 ;  0.9841932 ;  0.9803687 ; 
 0.9792606 ;  0.9822196 ;  0.9812386 ;  0.9779625 ;  0.9796292 ;  0.9820411 ;  0.9809686 ;  0.9820093 ; 
 0.9804914 ;  0.9811342 ;  0.9794238 ;  0.9805339 ;  0.9807284 ;  0.9804274 ;  0.9818885 ;  0.9804076 ; 
 0.9803819 ;  0.9815338 ;  0.9802420 ;  0.9816829 ;  0.9824202 ;  0.9808150 ;  0.9809017 ;  0.9822442 ; 
 0.9809002 ;  0.9809582 ;  0.9827209 ;  0.9834207 ;  0.9815244 ;  0.9819268 ;  0.9812291 ;  0.9787260 ; 
 0.9809506 ;  0.9819492 ;  0.9816335 ;  0.9809961 ;  0.9803311 ;  0.9827274 ;  0.9792468 ;  0.9811556 ; 
 0.9792527 ;  0.9813657 ;  0.9812746 ;  0.9800117 ;  0.9797308 ;  0.9818249 ;  0.9818401 ;  0.9799856 ; 
 0.9807407 ;  0.9824349 ;  0.9840244 ;  0.9806042 ;  0.9806520 ;  0.9817862 ;  0.9804432 ;  0.9807552 ; 
 0.9811738 ;  0.9814092 ;  0.9795656 ;  0.9830919 ;  0.9831056 ;  0.9832351 ;  0.9813439 ;  0.9800088 ; 
 0.9821820 ;  0.9801204 ;  0.9811897 ;  0.9814634 ;  0.9820454 ;  0.9792912 ;  0.9796294 ;  0.9819441 ; 
 0.9801529 ;  0.9814539 ;  0.9825283 ;  0.9798731 ;  0.9806518 ;  0.9811796 ;  0.9805075 ;  0.9796006 ; 
 0.9814169 ;  0.9781258 ;  0.9808758 ;  0.9806044 ;  0.9824884 ;  0.9794697 ;  0.9832355 ;  0.9813733 ; 
 0.9796941 ;  0.9821959 ;  0.9802072 ;  0.9810448 ;  0.9814915 ;  0.9817512 ;  0.9794477 ;  0.9807198 ; 
 0.9817351 ;  0.9811693 ;  0.9823199 ;  0.9841307 ;  0.9839385 ;  0.9797289 ;  0.9818782 ;  0.9819056 ; 
