 0.9901335 ;  0.9909346 ;  0.9913796 ;  0.9911959 ;  0.9910335 ;  0.9908105 ;  0.9909607 ;  0.9916323 ; 
 0.9909137 ;  0.9900844 ;  0.9907000 ;  0.9896987 ;  0.9901771 ;  0.9901562 ;  0.9910120 ;  0.9907387 ; 
 0.9904530 ;  0.9907945 ;  0.9899824 ;  0.9901802 ;  0.9900431 ;  0.9897848 ;  0.9920778 ;  0.9901610 ; 
 0.9896057 ;  0.9910887 ;  0.9905970 ;  0.9889551 ;  0.9897904 ;  0.9909992 ;  0.9904617 ;  0.9909833 ; 
 0.9902225 ;  0.9905447 ;  0.9896875 ;  0.9902439 ;  0.9903413 ;  0.9901905 ;  0.9909228 ;  0.9901805 ; 
 0.9901676 ;  0.9907450 ;  0.9900975 ;  0.9908197 ;  0.9911892 ;  0.9903847 ;  0.9904282 ;  0.9911010 ; 
 0.9904274 ;  0.9904565 ;  0.9913399 ;  0.9916906 ;  0.9907402 ;  0.9909419 ;  0.9905923 ;  0.9893377 ; 
 0.9904527 ;  0.9909532 ;  0.9907949 ;  0.9904755 ;  0.9901422 ;  0.9913432 ;  0.9895988 ;  0.9905554 ; 
 0.9896017 ;  0.9906607 ;  0.9906151 ;  0.9899821 ;  0.9898414 ;  0.9908909 ;  0.9908985 ;  0.9899690 ; 
 0.9903475 ;  0.9911966 ;  0.9919932 ;  0.9902791 ;  0.9903030 ;  0.9908715 ;  0.9901984 ;  0.9903547 ; 
 0.9905645 ;  0.9906825 ;  0.9897585 ;  0.9915259 ;  0.9915328 ;  0.9915977 ;  0.9906498 ;  0.9899807 ; 
 0.9910699 ;  0.9900366 ;  0.9905725 ;  0.9907097 ;  0.9910014 ;  0.9896210 ;  0.9897905 ;  0.9909506 ; 
 0.9900529 ;  0.9907049 ;  0.9912434 ;  0.9899127 ;  0.9903029 ;  0.9905674 ;  0.9902306 ;  0.9897761 ; 
 0.9906864 ;  0.9890369 ;  0.9904152 ;  0.9902792 ;  0.9912234 ;  0.9897105 ;  0.9915978 ;  0.9906645 ; 
 0.9898229 ;  0.9910768 ;  0.9900801 ;  0.9904999 ;  0.9907238 ;  0.9908539 ;  0.9896994 ;  0.9903370 ; 
 0.9908458 ;  0.9905623 ;  0.9911390 ;  0.9920465 ;  0.9919502 ;  0.9898404 ;  0.9909176 ;  0.9909313 ; 
