 0.9607209 ;  0.9639100 ;  0.9656816 ;  0.9649501 ;  0.9643037 ;  0.9634161 ;  0.9640138 ;  0.9666876 ; 
 0.9638268 ;  0.9605251 ;  0.9629761 ;  0.9589900 ;  0.9608945 ;  0.9608112 ;  0.9642183 ;  0.9631299 ; 
 0.9619927 ;  0.9633521 ;  0.9601194 ;  0.9609066 ;  0.9603608 ;  0.9593324 ;  0.9684613 ;  0.9608304 ; 
 0.9586195 ;  0.9645235 ;  0.9625660 ;  0.9560295 ;  0.9593548 ;  0.9641673 ;  0.9620274 ;  0.9641038 ; 
 0.9610752 ;  0.9623578 ;  0.9589451 ;  0.9611601 ;  0.9615481 ;  0.9609476 ;  0.9638628 ;  0.9609081 ; 
 0.9608567 ;  0.9631551 ;  0.9605776 ;  0.9634526 ;  0.9649237 ;  0.9617209 ;  0.9618939 ;  0.9645725 ; 
 0.9618909 ;  0.9620067 ;  0.9655236 ;  0.9669199 ;  0.9631363 ;  0.9639391 ;  0.9625471 ;  0.9575528 ; 
 0.9619915 ;  0.9639839 ;  0.9633540 ;  0.9620822 ;  0.9607554 ;  0.9655367 ;  0.9585919 ;  0.9624005 ; 
 0.9586038 ;  0.9628198 ;  0.9626380 ;  0.9601181 ;  0.9595577 ;  0.9637359 ;  0.9637662 ;  0.9600660 ; 
 0.9615726 ;  0.9649530 ;  0.9681245 ;  0.9613003 ;  0.9613957 ;  0.9636587 ;  0.9609790 ;  0.9616015 ; 
 0.9624368 ;  0.9629064 ;  0.9592280 ;  0.9662639 ;  0.9662913 ;  0.9665497 ;  0.9627762 ;  0.9601124 ; 
 0.9644484 ;  0.9603350 ;  0.9624685 ;  0.9630146 ;  0.9641758 ;  0.9586805 ;  0.9593553 ;  0.9639737 ; 
 0.9603998 ;  0.9629956 ;  0.9651394 ;  0.9598416 ;  0.9613953 ;  0.9624483 ;  0.9611073 ;  0.9592979 ; 
 0.9629218 ;  0.9563553 ;  0.9618422 ;  0.9613006 ;  0.9650598 ;  0.9590367 ;  0.9665504 ;  0.9628349 ; 
 0.9594844 ;  0.9644762 ;  0.9605082 ;  0.9621794 ;  0.9630707 ;  0.9635889 ;  0.9589928 ;  0.9615308 ; 
 0.9635567 ;  0.9624277 ;  0.9647236 ;  0.9683367 ;  0.9679530 ;  0.9595539 ;  0.9638423 ;  0.9638969 ; 
