 0.8031382 ;  0.8191214 ;  0.8280007 ;  0.8243344 ;  0.8210945 ;  0.8166460 ;  0.8196416 ;  0.8330425 ; 
 0.8187047 ;  0.8021569 ;  0.8144407 ;  0.7944630 ;  0.8040082 ;  0.8035908 ;  0.8206668 ;  0.8152119 ; 
 0.8095124 ;  0.8163256 ;  0.8001234 ;  0.8040688 ;  0.8013335 ;  0.7961791 ;  0.8419319 ;  0.8036868 ; 
 0.7926062 ;  0.8221961 ;  0.8123856 ;  0.7796254 ;  0.7962917 ;  0.8204110 ;  0.8096864 ;  0.8200929 ; 
 0.8049138 ;  0.8113422 ;  0.7942380 ;  0.8053394 ;  0.8072839 ;  0.8042745 ;  0.8188851 ;  0.8040762 ; 
 0.8038188 ;  0.8153378 ;  0.8024200 ;  0.8168291 ;  0.8242019 ;  0.8081501 ;  0.8090172 ;  0.8224418 ; 
 0.8090018 ;  0.8095823 ;  0.8272087 ;  0.8342066 ;  0.8152437 ;  0.8192676 ;  0.8122908 ;  0.7872599 ; 
 0.8095061 ;  0.8194919 ;  0.8163348 ;  0.8099609 ;  0.8033111 ;  0.8272743 ;  0.7924681 ;  0.8115563 ; 
 0.7925275 ;  0.8136574 ;  0.8127462 ;  0.8001172 ;  0.7973084 ;  0.8182491 ;  0.8184010 ;  0.7998559 ; 
 0.8074068 ;  0.8243490 ;  0.8402442 ;  0.8060418 ;  0.8065203 ;  0.8178621 ;  0.8044318 ;  0.8075517 ; 
 0.8117380 ;  0.8140916 ;  0.7956560 ;  0.8309189 ;  0.8310563 ;  0.8323513 ;  0.8134389 ;  0.8000883 ; 
 0.8218201 ;  0.8012042 ;  0.8118967 ;  0.8146339 ;  0.8204539 ;  0.7929122 ;  0.7962941 ;  0.8194408 ; 
 0.8015287 ;  0.8145386 ;  0.8252832 ;  0.7987314 ;  0.8065180 ;  0.8117958 ;  0.8050748 ;  0.7960063 ; 
 0.8141686 ;  0.7812583 ;  0.8087582 ;  0.8060438 ;  0.8248842 ;  0.7946974 ;  0.8323549 ;  0.8137332 ; 
 0.7969408 ;  0.8219591 ;  0.8020720 ;  0.8104479 ;  0.8149149 ;  0.8175121 ;  0.7944769 ;  0.8071975 ; 
 0.8173506 ;  0.8116927 ;  0.8231994 ;  0.8413074 ;  0.8393845 ;  0.7972892 ;  0.8187824 ;  0.8190558 ; 
