 0.9013354 ;  0.9093459 ;  0.9137961 ;  0.9119586 ;  0.9103349 ;  0.9081053 ;  0.9096067 ;  0.9163230 ; 
 0.9091371 ;  0.9008435 ;  0.9070001 ;  0.8969875 ;  0.9017714 ;  0.9015622 ;  0.9101205 ;  0.9073866 ; 
 0.9045301 ;  0.9079448 ;  0.8998244 ;  0.9018018 ;  0.9004309 ;  0.8978476 ;  0.9207783 ;  0.9016104 ; 
 0.8960569 ;  0.9108870 ;  0.9059701 ;  0.8895510 ;  0.8979040 ;  0.9099923 ;  0.9046172 ;  0.9098328 ; 
 0.9022253 ;  0.9054471 ;  0.8968747 ;  0.9024386 ;  0.9034132 ;  0.9019049 ;  0.9092275 ;  0.9018055 ; 
 0.9016765 ;  0.9074497 ;  0.9009755 ;  0.9081971 ;  0.9118922 ;  0.9038473 ;  0.9042818 ;  0.9110101 ; 
 0.9042742 ;  0.9045651 ;  0.9133992 ;  0.9169064 ;  0.9074025 ;  0.9094192 ;  0.9059226 ;  0.8933774 ; 
 0.9045269 ;  0.9095317 ;  0.9079493 ;  0.9047548 ;  0.9014220 ;  0.9134321 ;  0.8959876 ;  0.9055544 ; 
 0.8960174 ;  0.9066075 ;  0.9061508 ;  0.8998213 ;  0.8984136 ;  0.9089088 ;  0.9089849 ;  0.8996904 ; 
 0.9034747 ;  0.9119660 ;  0.9199324 ;  0.9027906 ;  0.9030305 ;  0.9087148 ;  0.9019837 ;  0.9035474 ; 
 0.9056455 ;  0.9068251 ;  0.8975854 ;  0.9152587 ;  0.9153276 ;  0.9159766 ;  0.9064980 ;  0.8998068 ; 
 0.9106985 ;  0.9003661 ;  0.9057250 ;  0.9070969 ;  0.9100138 ;  0.8962102 ;  0.8979052 ;  0.9095060 ; 
 0.9005287 ;  0.9070491 ;  0.9124342 ;  0.8991268 ;  0.9030293 ;  0.9056745 ;  0.9023060 ;  0.8977609 ; 
 0.9068637 ;  0.8903695 ;  0.9041520 ;  0.9027916 ;  0.9122342 ;  0.8971050 ;  0.9159784 ;  0.9066455 ; 
 0.8982293 ;  0.9107682 ;  0.9008010 ;  0.9049989 ;  0.9072377 ;  0.9085394 ;  0.8969945 ;  0.9033699 ; 
 0.9084585 ;  0.9056228 ;  0.9113898 ;  0.9204653 ;  0.9195016 ;  0.8984039 ;  0.9091760 ;  0.9093131 ; 
