 0.6072090 ;  0.6390997 ;  0.6568162 ;  0.6495010 ;  0.6430366 ;  0.6341607 ;  0.6401377 ;  0.6668760 ; 
 0.6382683 ;  0.6052510 ;  0.6297605 ;  0.5898997 ;  0.6089449 ;  0.6081120 ;  0.6421831 ;  0.6312993 ; 
 0.6199273 ;  0.6335215 ;  0.6011938 ;  0.6090659 ;  0.6036082 ;  0.5933238 ;  0.6846127 ;  0.6083038 ; 
 0.5861950 ;  0.6452346 ;  0.6256601 ;  0.5602948 ;  0.5935485 ;  0.6416728 ;  0.6202744 ;  0.6410381 ; 
 0.6107518 ;  0.6235782 ;  0.5894508 ;  0.6116010 ;  0.6154809 ;  0.6094762 ;  0.6386282 ;  0.6090805 ; 
 0.6085670 ;  0.6315505 ;  0.6057762 ;  0.6345260 ;  0.6492367 ;  0.6172091 ;  0.6189392 ;  0.6457248 ; 
 0.6189085 ;  0.6200668 ;  0.6552360 ;  0.6691986 ;  0.6313627 ;  0.6393914 ;  0.6254710 ;  0.5755276 ; 
 0.6199146 ;  0.6398391 ;  0.6335397 ;  0.6208220 ;  0.6075541 ;  0.6553669 ;  0.5859193 ;  0.6240054 ; 
 0.5860379 ;  0.6281976 ;  0.6263796 ;  0.6011814 ;  0.5955771 ;  0.6373592 ;  0.6376624 ;  0.6006601 ; 
 0.6157260 ;  0.6495301 ;  0.6812453 ;  0.6130026 ;  0.6139573 ;  0.6365870 ;  0.6097902 ;  0.6160152 ; 
 0.6243678 ;  0.6290639 ;  0.5922800 ;  0.6626389 ;  0.6629130 ;  0.6654968 ;  0.6277618 ;  0.6011238 ; 
 0.6444843 ;  0.6033503 ;  0.6246845 ;  0.6301460 ;  0.6417584 ;  0.5868055 ;  0.5935534 ;  0.6397370 ; 
 0.6039977 ;  0.6299559 ;  0.6513941 ;  0.5984164 ;  0.6139526 ;  0.6244833 ;  0.6110731 ;  0.5929790 ; 
 0.6292175 ;  0.5635530 ;  0.6184224 ;  0.6130064 ;  0.6505981 ;  0.5903675 ;  0.6655041 ;  0.6283490 ; 
 0.5948435 ;  0.6447618 ;  0.6050817 ;  0.6217939 ;  0.6307067 ;  0.6358889 ;  0.5899275 ;  0.6153085 ; 
 0.6355665 ;  0.6242775 ;  0.6472364 ;  0.6833666 ;  0.6795300 ;  0.5955387 ;  0.6384233 ;  0.6389689 ; 
