-0.0000004 ; 
-0.0000010 ; 
-0.0000017 ; 
-0.0000023 ; 
-0.0000004 ; 
-0.0000010 ; 
-0.0000017 ; 
-0.0000010 ; 
-0.0000017 ; 
-0.0000010 ; 
-0.0000017 ; 
-0.0000010 ; 
-0.0000017 ; 
-0.0000010 ; 
-0.0000017 ; 
-0.0000009 ; 
-0.0000018 ; 
-0.0000009 ; 
-0.0000018 ; 
-0.0000009 ; 
-0.0000018 ; 
-0.0000009 ; 
-0.0000018 ; 
-0.0000009 ; 
-0.0000018 ; 
-0.0000008 ; 
-0.0000019 ; 
-0.0000008 ; 
-0.0000019 ; 
-0.0000008 ; 
-0.0000019 ; 
-0.0000007 ; 
-0.0000020 ; 
-0.0000007 ; 
-0.0000020 ; 
-0.0000007 ; 
-0.0000020 ; 
-0.0000006 ; 
-0.0000021 ; 
-0.0000005 ; 
-0.0000022 ; 
-0.0000005 ; 
-0.0000022 ; 
-0.0000004 ; 
-0.0000023 ; 
-0.0000003 ; 
-0.0000025 ; 
-0.0000002 ; 
-0.0000026 ; 
-0.0000013 ; 
-0.0000013 ; 
-0.0000013 ; 
-0.0000013 ; 
-0.0000013 ; 
-0.0000013 ; 
-0.0000013 ; 
-0.0000013 ; 
-0.0000013 ; 
-0.0000013 ; 
-0.0000013 ; 
-0.0000013 ; 
-0.0000013 ; 
-0.0000013 ; 
-0.0000013 ; 
-0.0000013 ; 
-0.0000013 ; 
-0.0000013 ; 
-0.0000013 ; 
-0.0000013 ; 
-0.0000013 ; 
-0.0000013 ; 
-0.0000013 ; 
-0.0000013 ; 
-0.0000013 ; 
-0.0000013 ; 
-0.0000013 ; 
-0.0000013 ; 
-0.0000013 ; 
-0.0000013 ; 
-0.0000026 ; 
-0.0000002 ; 
-0.0000025 ; 
-0.0000003 ; 
-0.0000023 ; 
-0.0000004 ; 
-0.0000022 ; 
-0.0000005 ; 
-0.0000022 ; 
-0.0000005 ; 
-0.0000021 ; 
-0.0000006 ; 
-0.0000020 ; 
-0.0000007 ; 
-0.0000020 ; 
-0.0000007 ; 
-0.0000020 ; 
-0.0000007 ; 
-0.0000019 ; 
-0.0000008 ; 
-0.0000019 ; 
-0.0000008 ; 
-0.0000019 ; 
-0.0000008 ; 
-0.0000018 ; 
-0.0000009 ; 
-0.0000018 ; 
-0.0000009 ; 
-0.0000018 ; 
-0.0000009 ; 
-0.0000018 ; 
-0.0000009 ; 
-0.0000018 ; 
-0.0000009 ; 
-0.0000017 ; 
-0.0000010 ; 
-0.0000017 ; 
-0.0000010 ; 
-0.0000017 ; 
-0.0000010 ; 
-0.0000017 ; 
-0.0000010 ; 
-0.0000017 ; 
-0.0000010 ; 
-0.0000004 ; 
-0.0000023 ; 
-0.0000017 ; 
-0.0000010 ; 
-0.0000004 ; 
