 0.0000000 ; 
-0.0000111 ; 
 0.0000000 ; 
 0.0001073 ; 
-0.0000000 ; 
-0.0005002 ; 
 0.0000000 ; 
 0.0016552 ; 
-0.0000000 ; 
-0.0044190 ; 
 0.0000000 ; 
 0.0101846 ; 
-0.0000000 ; 
-0.0212885 ; 
 0.0000000 ; 
 0.0426017 ; 
-0.0000000 ; 
-0.0903288 ; 
 0.0000000 ; 
 0.3090896 ; 
 0.4983715 ; 
 0.3172731 ; 
 0.0000000 ; 
-0.0977659 ; 
-0.0000000 ; 
 0.0487289 ; 
 0.0000000 ; 
-0.0258416 ; 
-0.0000000 ; 
 0.0132099 ; 
 0.0000000 ; 
-0.0061918 ; 
-0.0000000 ; 
 0.0025517 ; 
 0.0000000 ; 
-0.0008773 ; 
-0.0000000 ; 
 0.0002305 ; 
 0.0000000 ; 
-0.0000378 ; 
-0.0000000 ; 
 0.0000013 ; 
