-0.0000012 ; 
 0.0000000 ; 
 0.0000249 ; 
-0.0000000 ; 
-0.0001342 ; 
 0.0000000 ; 
 0.0004755 ; 
-0.0000000 ; 
-0.0013274 ; 
 0.0000000 ; 
 0.0031569 ; 
-0.0000000 ; 
-0.0066933 ; 
 0.0000000 ; 
 0.0130766 ; 
-0.0000000 ; 
-0.0243086 ; 
 0.0000000 ; 
 0.0449535 ; 
-0.0000000 ; 
-0.0910202 ; 
 0.0000000 ; 
 0.3063979 ; 
 0.4952609 ; 
 0.3183099 ; 
 0.0000000 ; 
-0.1021326 ; 
-0.0000000 ; 
 0.0546121 ; 
 0.0000000 ; 
-0.0321097 ; 
-0.0000000 ; 
 0.0189067 ; 
 0.0000000 ; 
-0.0106991 ; 
-0.0000000 ; 
 0.0056636 ; 
 0.0000000 ; 
-0.0027360 ; 
-0.0000000 ; 
 0.0011712 ; 
 0.0000000 ; 
-0.0004255 ; 
-0.0000000 ; 
 0.0001214 ; 
 0.0000000 ; 
-0.0000227 ; 
-0.0000000 ; 
 0.0000011 ; 
