 0.0871105 ; 
 0.0871114 ; 
 0.0871105 ; 
 0.0871076 ; 
 0.0871105 ; 
 0.0871174 ; 
 0.0871105 ; 
 0.0870962 ; 
 0.0871105 ; 
 0.0871372 ; 
 0.0871105 ; 
 0.0870638 ; 
 0.0871105 ; 
 0.0871879 ; 
 0.0871105 ; 
 0.0869879 ; 
 0.0871105 ; 
 0.0872979 ; 
 0.0871105 ; 
 0.0868328 ; 
 0.0871105 ; 
 0.0875114 ; 
 0.0871105 ; 
 0.0865450 ; 
 0.0871105 ; 
 0.0878920 ; 
 0.0871105 ; 
 0.0860499 ; 
 0.0871105 ; 
 0.0885268 ; 
 0.0871105 ; 
 0.0852462 ; 
 0.0871105 ; 
 0.0895335 ; 
 0.0871105 ; 
 0.0839965 ; 
 0.0871105 ; 
 0.0910743 ; 
 0.0871105 ; 
 0.0821054 ; 
 0.0871105 ; 
 0.0933913 ; 
 0.0871105 ; 
 0.0792620 ; 
 0.0871105 ; 
 0.0969011 ; 
 0.0871105 ; 
 0.0748794 ; 
 0.0871105 ; 
 0.1024790 ; 
 0.0871105 ; 
 0.0675654 ; 
 0.0871105 ; 
 0.1125192 ; 
 0.0871105 ; 
 0.0527593 ; 
 0.0871105 ; 
 0.1371106 ; 
 0.0871105 ; 
 0.0014349 ; 
 0.0871105 ; 
 0.3484390 ; 
 0.4993097 ; 
 0.3498874 ; 
 0.0871105 ; 
 0.0000010 ; 
 0.0871105 ; 
 0.1385159 ; 
 0.0871105 ; 
 0.0513961 ; 
 0.0871105 ; 
 0.1138281 ; 
 0.0871105 ; 
 0.0663216 ; 
 0.0871105 ; 
 0.1036487 ; 
 0.0871105 ; 
 0.0737911 ; 
 0.0871105 ; 
 0.0979027 ; 
 0.0871105 ; 
 0.0783505 ; 
 0.0871105 ; 
 0.0942115 ; 
 0.0871105 ; 
 0.0813759 ; 
 0.0871105 ; 
 0.0917152 ; 
 0.0871105 ; 
 0.0834404 ; 
 0.0871105 ; 
 0.0900098 ; 
 0.0871105 ; 
 0.0848438 ; 
 0.0871105 ; 
 0.0888618 ; 
 0.0871105 ; 
 0.0857751 ; 
 0.0871105 ; 
 0.0881137 ; 
 0.0871105 ; 
 0.0863691 ; 
 0.0871105 ; 
 0.0876484 ; 
 0.0871105 ; 
 0.0867282 ; 
 0.0871105 ; 
 0.0873759 ; 
 0.0871105 ; 
 0.0869311 ; 
 0.0871105 ; 
 0.0872281 ; 
 0.0871105 ; 
 0.0870362 ; 
 0.0871105 ; 
 0.0871555 ; 
 0.0871105 ; 
 0.0870847 ; 
 0.0871105 ; 
 0.0871243 ; 
 0.0871105 ; 
 0.0871038 ; 
 0.0871105 ; 
 0.0871133 ; 
 0.0871105 ; 
 0.0871097 ; 
 0.0871105 ; 
