-0.0000009 ; 
 0.0000000 ; 
 0.0000107 ; 
-0.0000000 ; 
-0.0000461 ; 
-0.0000000 ; 
 0.0001403 ; 
-0.0000000 ; 
-0.0003515 ; 
 0.0000000 ; 
 0.0007712 ; 
-0.0000000 ; 
-0.0015338 ; 
 0.0000000 ; 
 0.0028274 ; 
-0.0000000 ; 
-0.0049084 ; 
 0.0000000 ; 
 0.0081314 ; 
-0.0000000 ; 
-0.0130179 ; 
 0.0000000 ; 
 0.0204352 ; 
-0.0000000 ; 
-0.0321097 ; 
 0.0000000 ; 
 0.0524142 ; 
-0.0000000 ; 
-0.0973602 ; 
 0.0000000 ; 
 0.3115584 ; 
 0.4973292 ; 
 0.3183099 ; 
 0.0000000 ; 
-0.1038528 ; 
-0.0000000 ; 
 0.0584161 ; 
 0.0000000 ; 
-0.0374387 ; 
-0.0000000 ; 
 0.0249742 ; 
 0.0000000 ; 
-0.0167197 ; 
-0.0000000 ; 
 0.0110152 ; 
 0.0000000 ; 
-0.0070472 ; 
-0.0000000 ; 
 0.0043310 ; 
 0.0000000 ; 
-0.0025298 ; 
-0.0000000 ; 
 0.0013877 ; 
 0.0000000 ; 
-0.0007041 ; 
-0.0000000 ; 
 0.0003234 ; 
-0.0000000 ; 
-0.0001299 ; 
-0.0000000 ; 
 0.0000429 ; 
 0.0000000 ; 
-0.0000100 ; 
-0.0000000 ; 
 0.0000008 ; 
