-0.0000010 ; 
-0.0000000 ; 
 0.0000157 ; 
-0.0000000 ; 
-0.0000747 ; 
 0.0000000 ; 
 0.0002437 ; 
-0.0000000 ; 
-0.0006422 ; 
 0.0000000 ; 
 0.0014634 ; 
-0.0000000 ; 
-0.0029976 ; 
 0.0000000 ; 
 0.0056636 ; 
-0.0000000 ; 
-0.0100702 ; 
 0.0000000 ; 
 0.0171803 ; 
-0.0000000 ; 
-0.0288021 ; 
 0.0000000 ; 
 0.0493527 ; 
-0.0000000 ; 
-0.0948183 ; 
 0.0000000 ; 
 0.3095179 ; 
 0.4965142 ; 
 0.3183099 ; 
 0.0000000 ; 
-0.1031726 ; 
-0.0000000 ; 
 0.0568910 ; 
 0.0000000 ; 
-0.0352520 ; 
-0.0000000 ; 
 0.0224016 ; 
 0.0000000 ; 
-0.0140566 ; 
-0.0000000 ; 
 0.0085209 ; 
 0.0000000 ; 
-0.0049084 ; 
-0.0000000 ; 
 0.0026450 ; 
 0.0000000 ; 
-0.0013093 ; 
-0.0000000 ; 
 0.0005810 ; 
 0.0000000 ; 
-0.0002225 ; 
-0.0000000 ; 
 0.0000687 ; 
-0.0000000 ; 
-0.0000145 ; 
-0.0000000 ; 
 0.0000010 ; 
